[
    1.16169252443727,
    1.160419786991919,
    1.159325778873635,
    1.158123261491991,
    1.157787737093014,
    1.1560713471229649,
    1.1507768215178014,
    1.1487669388649113,
    1.1466158297487272,
    1.1475441300740794,
    1.1476241212469862,
    1.1470415651713708,
    1.1461788409276057,
    1.1453869514591997,
    1.1446050318974645,
    1.1438185724426724,
    1.1428698309564957,
    1.1421211569064411,
    1.1413651626783903,
    1.1405602998110673,
    1.1398610027904503,
    1.136530974908002,
    1.132883778195314,
    1.1312952809345482,
    1.1299312508600607,
    1.13136136667908,
    1.1327914824980994,
    1.1300001432771491,
    1.127208804056199,
    1.125873124241842,
    1.1269363731125992,
    1.1288070366443783,
    1.124415109959095,
    1.123032670970339,
    1.122272047728373,
    1.1218248057295455,
    1.1247239081470397,
    1.123174747185125,
    1.1199621786725942,
    1.1190969866148421,
    1.117865208837756,
    1.1208009423278824,
    1.1203796086002455,
    1.1161526538184958,
    1.1153344924907387,
    1.1145156995625527,
    1.117364947100981,
    1.1178956626011782,
    1.1180614505664082,
    1.1181002888484883,
    1.118537937855308,
    1.1182955953589229,
    1.1180482244874028,
    1.128408778225098,
    1.1281865128278872,
    1.1279154349727398,
    1.1235527268401806,
    1.1215243771474324,
    1.1202609154172753,
    1.116795281859841,
    1.1167394376688877,
    1.1140669333456454,
    1.1126755863477893,
    1.1118433679345117,
    1.1100088142786202,
    1.110233169952707,
    1.1091695376276984,
    1.1074831215100822,
    1.1070470949354636,
    1.105792047426899,
    1.1063402300397627,
    1.1058825500796345,
    1.1051306708163011,
    1.1045787662440354,
    1.1045757289113887,
    1.1035731077435038,
    1.1031190141093283,
    1.1026649204751529,
    1.1019615700206096,
    1.1015797528579832,
    1.1011192507053522,
    1.1006587485527213,
    1.1001590359485718,
    1.096736968247349,
    1.095847631183986,
    1.096994124383649,
    1.097763058338533,
    1.100105743311898,
    1.1005958345831273,
    1.0973010444098463,
    1.0974966024883877,
    1.0964296985918214,
    1.0969511654404842,
    1.0988470734717435,
    1.0953555594622717,
    1.0942529032922188,
    1.0939958772297,
    1.09254859587044,
    1.0959293099931173,
    1.0947560024878218,
    1.091536153240213,
    1.0912643680104424,
    1.0898261013580992,
    1.0929044720732577,
    1.093455466907752,
    1.0945586067477215,
    1.0950246015877063,
    1.095290395968938,
    1.0955918444077675,
    1.0955446570117466,
    1.0954682612312396,
    1.0955224909247931,
    1.0953337602986402,
    1.0952850340189002,
    1.0950324254667656,
    1.0935828101111937,
    1.0880813230049924,
    1.0877122898828588,
    1.0867519178175655,
    1.0893101769563174,
    1.0909165573504538,
    1.0861789770326382,
    1.0856835998320946,
    1.0858620471936007,
    1.0846799946154775,
    1.0881743546060818,
    1.0856304402155388,
    1.0830865258249958,
    1.083784409871285,
    1.0829019922866294,
    1.0853145436744427,
    1.0869323878047865,
    1.0822164776902952,
    1.0820528408809267,
    1.0816313430592288,
    1.093964840678877,
    1.091775302398787,
    1.0945353509183269,
    1.0942262993969138,
    1.0938678096936414,
    1.0933581197862159,
    1.0932472589920934,
    1.0927153908574958,
    1.0921491688221696,
    1.091678370541029,
    1.0912768360111151,
    1.091052164750323,
    1.09077569961147,
    1.0910554121256038,
    1.0876846622153566,
    1.0843139123051095,
    1.083607524867812,
    1.0824124481679362,
    1.085181178580516,
    1.0862045511800282,
    1.0806658928343822,
    1.0800793050535233,
    1.0797365238485632,
    1.0799712573218017,
    1.083224868870758,
    1.0810657833539778,
    1.07817801648455,
    1.0785619314120467,
    1.0779514740552933,
    1.0812359993345844,
    1.0816495141628195,
    1.0768354839218972,
    1.0768667656598652,
    1.0761682060514204,
    1.0777431499269454,
    1.0809122212690028,
    1.0767392094614223,
    1.0761138194605309,
    1.078963551419406,
    1.0806173334728442,
    1.080578822065263,
    1.0805111180154512,
    1.0804485461582942,
    1.0806685829449805,
    1.0808132138165973,
    1.0806897834216613,
    1.080458169948308,
    1.0804114603654895,
    1.0802720408846085,
    1.080235004921505,
    1.084926744456719,
    1.086914526364726,
    1.0845491943052865,
    1.0821838622458468,
    1.0807367025686974,
    1.0800278982252216,
    1.077970577631171,
    1.081642428075524,
    1.0802265140691034,
    1.075174598121622,
    1.0748919242797452,
    1.073224898216436,
    1.0761079592239664,
    1.0773895222910514,
    1.072213707107652,
    1.0718983109537774,
    1.071931970471912,
    1.0722685756884225,
    1.075464346810886,
    1.0727275328140493,
    1.0690116573257384,
    1.0684306303860147,
    1.061271975519033,
    1.062531850126134,
    1.067081085724121,
    1.0650201371272932,
    1.0608943580730852,
    1.0592531294728236,
    1.057611900872562,
    1.057769269312646,
    1.0598618249099943,
    1.0643117157380222,
    1.062178537009924,
    1.0577530480457007,
    1.0575659889015654,
    1.0568874446869279,
    1.060213911716394,
    1.0617247583234821,
    1.0555451730102945,
    1.0556071654774666,
    1.0553374162456404,
    1.0556207692884314,
    1.0590795965284965,
    1.0598606282899876,
    1.0600875682149962,
    1.0606378956653693,
    1.0611023171583298,
    1.0611941600483483,
    1.0613880352603502,
    1.0610108500419315,
    1.0616306631045198,
    1.0612428304728603,
    1.061811691826538,
    1.061976239675154,
    1.0583080262613862,
    1.0531423030125104,
    1.0530860276298029,
    1.0515956763424157,
    1.0559905588901657,
    1.0572578423263295,
    1.0510520587337027,
    1.0501652584370262,
    1.0497993428920438,
    1.0494362373139339,
    1.053239666659941,
    1.0508445841670948,
    1.0464587464580646,
    1.045802209351848,
    1.0449006389068387,
    1.0489966650250082,
    1.0506031496942043,
    1.0446179628640735,
    1.0442322341017274,
    1.043736053103821,
    1.043886987105303,
    1.0475122713613914,
    1.0456351142428915,
    1.0410034072262704,
    1.051063447598673,
    1.053815075363126,
    1.053726177881952,
    1.0534151388983806,
    1.0539033730157215,
    1.0534521487672128,
    1.0531584135393173,
    1.0526417195851252,
    1.0523640896616921,
    1.052263192097187,
    1.0521622945326818,
    1.052007668549468,
    1.0519500337493053,
    1.0490255499948198,
    1.0427870619348827,
    1.0417070685330803,
    1.0402576377336814,
    1.0434987725510396,
    1.0457930300267044,
    1.0398154497518632,
    1.038455517575617,
    1.0374254810460322,
    1.0394147788568144,
    1.0414040766675967,
    1.0428672389058953,
    1.0391497839408945,
    1.0354323289758938,
    1.0342178382867182,
    1.0334198637197467,
    1.0386842767709368,
    1.0379980168728622,
    1.0319644541985653,
    1.032525810010462,
    1.0313600216019978,
    1.0321343501278761,
    1.0357648780980782,
    1.0310131731378718,
    1.0290503266304825,
    1.0282364352472086,
    1.027054664111077,
    1.0318778676302998,
    1.0328690781650067,
    1.0333525001519845,
    1.033650892849856,
    1.03500947373373,
    1.0351924357933555,
    1.0354458931840327,
    1.0354878209844856,
    1.0357201527491853,
    1.0357268380099711,
    1.046034997997072,
    1.0430036190791119,
    1.046968976162482,
    1.0476743534023032,
    1.0398065944256976,
    1.0392331074283963,
    1.0376116055386566,
    1.0376798083525012,
    1.0416723319237988,
    1.038935379614017,
    1.0335080551758722,
    1.0323136249343374,
    1.0300166393813441,
    1.0317329470574759,
    1.0266993450724673,
    1.02526174835962,
    1.0256940583079377,
    1.0240569463022489,
    1.0226267880100757,
    1.0278789253121055,
    1.0288640719850015,
    1.029093381884028,
    1.0291270522484908,
    1.0292913965480572,
    1.031397272726756,
    1.0326862438175852,
    1.0333292577385076,
    1.0283400957878932,
    1.028526857374512,
    1.0305752783324635,
    1.0305969495955782,
    1.0322075251767737,
    1.0314537820952587,
    1.0270619073794194,
    1.0274791426322523,
    1.0276279186718433,
    1.0282197242039564,
    1.0288115297360694,
    1.026647631725659,
    1.0234863065706659,
    1.0231143211286629,
    1.022254747792509,
    1.0228503645610303,
    1.0244949186750816,
    1.0207835673881753,
    1.0199873264175636,
    1.020072845844652,
    1.0187357807515802,
    1.021868038009039,
    1.022377602416423,
    1.0226449773278858,
    1.022650063848399,
    1.0233916425359624,
    1.0236242577225383,
    1.023506578187387,
    1.0234232901217268,
    1.022997453974952,
    1.0226840799244172,
    1.0224267548181913,
    1.0222025362642313,
    1.0217821127774798,
    1.0156761846173623,
    1.0128747533571598,
    1.0129410492257023,
    1.0124599994727888,
    1.0119789497198752,
    1.0142925832859007,
    1.0117230292791675,
    1.009070976549637,
    1.0098791902641793,
    1.0094934337272008,
    1.0091076771902223,
    1.0115738508497074,
    1.0086605466659009,
    1.021308476157167,
    1.02307448598886,
    1.021182448370205,
    1.013405995479875,
    1.0125635121569285,
    1.0115722586551348,
    1.010853053746966,
    1.013067500994664,
    1.0092532415257764,
    1.0049323759207631,
    1.0050291251630075,
    1.0042581297042563,
    1.0055639535126932,
    1.0068033006908053,
    1.006636383819428,
    1.0064464613386175,
    1.0065165631451691,
    1.0068137542909703,
    1.0058775834535503,
    1.005412560853081,
    1.0047005272783842,
    1.004015226752312,
    1.0037101647674618,
    1.003256145227354,
    1.0028315853658363,
    1.0019131978503957,
    0.9940977555155683,
    0.9934235733815484,
    0.9921888839958442,
    0.9910415684146514,
    0.9946672018968208,
    0.9922673549300178,
    0.9864955996687073,
    0.9865932682450307,
    0.9863823355203465,
    0.9866224045209222,
    0.9896416103908194,
    0.987339529307846,
    0.9832656595976488,
    0.9834808378080666,
    0.9817952204437645,
    0.9831283874931316,
    0.9853774381273155,
    0.9818432408326174,
    0.9774968080770776,
    0.9782841436253449,
    0.9695708788037223,
    0.9762713779724024,
    0.9719789915862407,
    0.9732287553147261,
    0.9802281646713908,
    0.980651887306843,
    0.9802861839252994,
    0.979599263426481,
    0.9806675316112781,
    0.9792468709010187,
    0.9778141843196675,
    0.9770158349033835,
    0.9759997607660846,
    0.9756336419392078,
    0.975002148838712,
    0.9739757509952511,
    0.9613734576653741,
    0.9562765637349315,
    0.9535698373180317,
    0.9509648828736346,
    0.957511663060707,
    0.9600571685714137,
    0.9501045616351504,
    0.9468554728104657,
    0.9455635919900551,
    0.9418780069964683,
    0.9485336657662629,
    0.9511985027237486,
    0.9413135724952113,
    0.937668609446721,
    0.961230049301473,
    0.9554171444543219,
    0.955143978831906,
    0.9606947398846621,
    0.9559446683616115,
    0.9465354706919111,
    0.9447785724396844,
    0.9417062946311239,
    0.9413722176459247,
    0.9474008865953056,
    0.9439749940761732,
    0.9338145890141867,
    0.9306161197766869,
    0.9273265991467259,
    0.9355446005546977,
    0.93733994153928,
    0.9270317379227624,
    0.9287905340302025,
    0.9276341442841485,
    0.9256905307577554,
    0.9310514915412149,
    0.9317863491303662,
    0.9249124472333818,
    0.9239934257999494,
    0.9231357513267966,
    0.9206860020486047,
    0.9253346065060235,
    0.9264467241857517,
    0.9265770084626404,
    0.9264251972235371,
    0.9264778108035827,
    0.9268226972770499,
    0.9272331362994741,
    0.9270169611823711,
    0.9264964801424682,
    0.9259616685820973,
    0.9250436358804919,
    0.9230630377446403,
    0.9224162634246227,
    0.9213459558216286,
    0.915490240870426,
    0.908276234564795,
    0.907511345120227,
    0.9058518858529752,
    0.9059380071751661,
    0.9110180417264786,
    0.9077148222004823,
    0.9014113282307861,
    0.9008836678668928,
    0.930802441665148,
    0.924274016129682,
    0.9249303837558691,
    0.9228276943691429,
    0.9121935096073877,
    0.9086281842187915,
    0.9072620993467062,
    0.9023166005847445,
    0.905266716483867,
    0.9063652088361565,
    0.8987924405071741,
    0.8963138977402938,
    0.8956121731861408,
    0.89381299587005,
    0.8946845747502135,
    0.8967756969599812,
    0.897164251856772,
    0.8967668804255684,
    0.8970426590711718,
    0.8967352140549245,
    0.8964940691728636,
    0.8964372331630486,
    0.895889958487821,
    0.8959561449396887,
    0.8957398978350426,
    0.895325321576319,
    0.8952128444260126,
    0.8950844925739112,
    0.8942585798780982,
    0.890642398586565
]